43 34 52 12 65 79 12 68 87 44 70 4 86 31 12 93 4 64 74 67 44 45 56 68 30 98 64 8 19 45 7 9 47 80 30 66 79 5 96 51 54 40 51 4 41 47 53 74 56 30 29 98 1 48 21 68 65 79 81 71 19 95 43 31 34 51 5 70 89 98 33 37 87 21 14 41 90 48 98 79 77 79 50 24 53 33 23 32 97 88 55 95 94 93 30 18 20 67 65 89
93 61 42 80 22 12 71 62 9 18 79 18 46 80 27 9 89 29 95 45 49 61 47 52 65 65 78 55 25 43 9 33 55 49 70 60 89 60 66 84 2 37 10 30 77 7 90 64 78 80 28 59 92 35 23 73 21 97 3 76 9 15 95 86 55 61 37 81 26 76 17 39 23 93 73 58 38 83 71 81 56 89 35 41 21 9 28 76 51 96 99 34 35 34 95 96 45 69 11 30
41 16 91 47 63 16 87 34 38 74 37 16 31 36 75 6 69 92 33 85 29 34 13 11 33 32 34 4 96 34 83 80 98 65 94 49 55 74 30 17 62 41 40 84 66 94 51 65 78 58 19 8 79 51 51 57 4 35 77 89 58 63 56 62 35 7 35 47 15 97 98 70 57 52 1 6 27 41 7 86 74 66 15 100 80 68 49 5 50 21 42 24 48 60 55 44 18 15 59 61
31 43 28 82 71 75 37 99 5 73 69 99 79 71 16 69 27 86 53 34 86 91 6 58 39 45 13 4 79 33 51 73 91 53 99 8 95 53 79 92 1 35 94 90 96 65 51 42 47 72 43 27 98 91 31 62 17 94 86 9 59 18 6 97 8 4 2 68 18 78 47 56 15 29 20 84 19 41 86 68 71 47 40 91 4 47 71 25 28 23 37 6 59 22 91 32 78 79 98 11
71 99 39 33 14 53 85 5 43 35 36 38 95 76 68 11 79 47 30 14 86 94 66 15 45 74 91 28 92 68 95 79 74 51 40 98 54 67 20 72 66 6 87 3 82 33 67 17 83 63 65 77 43 7 20 45 27 65 53 70 83 62 95 20 92 70 94 31 4 82 84 56 44 86 60 59 48 3 49 23 1 24 81 100 49 62 6 10 8 56 35 21 32 61 44 15 67 91 95 76
43 5 47 1 57 86 36 80 9 38 74 56 25 7 74 7 65 22 45 94 44 29 90 40 37 10 91 4 45 83 72 69 57 83 42 73 87 98 59 19 33 93 20 44 88 96 82 91 68 37 65 40 9 52 57 35 24 12 82 91 45 48 20 81 24 19 95 70 11 22 20 94 68 39 51 60 86 52 39 89 61 96 80 50 6 4 77 85 3 75 58 32 47 21 73 61 73 76 84 33
25 8 49 86 42 64 62 23 9 69 10 63 43 72 9 91 20 3 26 84 89 42 41 28 47 55 58 7 48 45 18 78 45 90 51 19 16 56 35 33 25 27 34 4 11 48 82 30 66 10 79 64 40 31 47 36 39 51 70 89 88 37 93 37 69 13 79 28 15 29 32 69 50 16 67 67 87 13 46 95 84 21 23 72 44 95 94 86 2 3 41 66 12 48 23 39 89 81 21 53
37 64 59 69 85 45 31 95 12 89 71 81 48 94 36 9 100 43 46 63 39 2 7 99 92 70 62 20 27 21 16 77 92 84 19 69 33 71 65 4 52 10 39 79 96 12 2 11 86 34 65 39 82 79 85 61 56 88 77 32 56 22 74 17 7 89 87 13 65 54 53 53 61 16 22 40 12 50 85 75 38 12 50 37 97 65 53 25 84 72 66 42 41 19 69 88 33 86 68 44
4 9 66 69 1 69 82 57 11 70 49 32 75 88 84 96 100 4 57 26 14 90 4 2 6 19 97 59 68 34 89 27 16 5 16 30 12 39 2 84 15 34 27 36 21 82 9 14 74 89 39 81 73 29 53 53 63 4 40 66 92 80 89 48 90 85 44 21 57 19 75 71 20 19 38 76 79 64 80 32 53 54 40 82 9 27 47 50 77 99 80 30 69 92 88 62 21 68 74 53
21 85 65 81 15 30 96 81 87 44 95 3 59 63 30 87 64 93 83 90 81 32 80 10 92 85 40 57 21 82 79 52 57 12 69 46 93 52 63 25 95 5 8 59 19 26 77 78 96 14 20 40 50 62 67 67 98 80 15 21 66 31 9 63 95 5 89 62 47 34 88 8 62 99 12 51 5 4 81 88 54 6 73 37 73 73 58 64 81 56 68 79 80 69 44 97 89 36 68 57
40 31 89 18 70 79 5 87 17 75 81 42 62 16 70 30 98 60 35 33 36 17 12 85 68 9 1 51 31 53 57 21 53 73 24 70 19 70 17 14 51 26 78 16 54 77 81 58 92 86 13 68 35 72 36 54 65 55 29 29 42 88 9 98 15 95 33 48 75 24 24 37 48 73 97 82 21 32 22 49 100 32 11 37 2 94 57 19 69 6 37 73 24 28 52 90 13 30 85 53
87 88 13 57 45 75 52 53 97 65 47 58 52 12 78 19 35 87 41 100 100 31 68 55 24 28 63 82 6 1 37 8 78 57 46 53 28 82 39 57 14 81 69 26 12 88 93 13 35 31 79 35 9 53 63 47 17 53 46 29 40 18 16 45 86 27 22 17 51 92 86 87 54 21 28 54 69 41 79 52 30 10 85 15 30 77 82 81 82 63 51 55 29 9 76 4 37 88 18 61
85 53 72 21 87 18 32 49 9 53 18 29 4 51 31 42 24 54 60 25 28 85 32 71 11 81 20 19 13 28 85 68 59 13 33 47 80 13 54 68 33 79 57 4 40 58 37 92 49 60 34 17 39 60 38 20 63 83 42 92 95 81 17 63 89 63 89 83 76 45 1 22 47 15 52 18 69 31 85 81 14 16 56 41 74 33 12 33 14 70 63 28 56 45 48 26 21 17 96 10
62 83 7 97 3 68 67 86 12 46 74 59 15 88 59 33 94 64 100 11 99 69 8 16 20 42 82 2 5 59 98 43 87 90 76 71 29 37 59 63 34 9 98 11 59 77 56 70 24 63 56 5 77 62 34 98 76 75 24 71 86 66 72 68 16 50 88 3 25 91 49 22 32 55 84 13 92 2 84 3 30 47 74 19 93 76 87 73 66 78 52 36 44 50 68 42 85 97 71 21
84 94 11 85 98 99 49 98 81 54 54 46 7 62 80 27 26 81 94 92 92 89 54 72 42 50 99 86 8 77 9 29 73 5 17 18 96 39 94 45 53 6 97 87 2 86 13 69 65 91 93 32 89 65 46 56 100 27 97 9 32 62 12 81 84 20 54 75 17 89 64 17 37 47 2 45 56 45 36 52 74 6 94 82 61 51 3 92 44 64 43 7 19 55 31 14 47 48 37 29
89 77 26 90 32 13 36 26 62 16 19 94 14 71 37 9 76 91 27 40 25 76 83 49 79 3 98 17 93 51 50 82 46 82 61 63 51 81 100 81 6 12 49 13 100 36 84 37 97 89 50 77 9 59 56 60 66 69 24 58 27 84 40 82 86 70 68 83 75 22 43 26 17 84 18 65 74 69 69 19 68 73 76 23 32 22 33 7 82 61 5 67 12 48 38 90 71 47 5 63
78 93 29 98 38 86 13 47 98 37 56 63 100 54 80 80 70 15 91 59 44 82 35 1 39 18 100 95 86 46 28 93 63 3 17 55 69 53 57 39 35 43 58 6 61 27 40 75 74 71 72 64 70 65 26 97 98 21 3 1 77 70 39 49 74 95 57 56 7 66 69 93 58 64 84 95 2 59 24 62 86 38 79 22 67 75 87 50 7 36 51 85 51 49 20 96 70 8 84 5
95 52 99 14 14 33 85 45 93 71 33 97 96 53 38 71 22 94 2 52 70 63 89 14 81 4 96 30 17 52 39 5 18 22 91 39 17 11 48 30 8 6 65 15 98 12 17 58 30 100 57 97 50 77 83 82 59 59 76 30 39 21 87 60 70 21 56 26 52 13 68 55 33 61 39 92 32 30 84 75 19 54 52 21 30 96 9 20 60 41 76 31 77 28 69 69 15 82 39 70
21 32 13 83 89 63 48 15 54 62 64 58 32 95 15 10 70 29 72 66 34 35 48 48 99 52 22 14 59 44 54 3 91 26 9 30 75 85 44 72 83 16 53 74 51 81 79 85 32 76 30 3 71 73 54 27 56 84 26 83 36 33 6 1 84 94 74 25 19 58 100 20 29 1 14 75 26 37 76 34 3 39 76 83 17 57 37 27 29 12 49 32 91 21 32 28 53 56 49 63
4 98 61 30 55 61 33 75 69 94 4 67 73 8 29 58 34 72 32 53 6 86 92 79 27 86 31 22 2 16 11 87 25 87 71 29 7 8 98 37 83 93 92 30 16 44 100 6 37 2 73 38 39 33 38 50 40 14 8 90 75 30 94 38 65 44 32 31 37 45 30 65 74 92 53 57 28 85 14 89 27 91 28 36 71 39 26 92 98 48 19 54 30 68 99 69 36 2 3 58
47 19 36 49 15 17 22 61 18 54 87 46 80 2 39 99 65 33 90 40 69 95 10 47 84 3 53 89 6 84 94 1 13 66 96 99 80 10 15 42 71 39 4 44 18 38 10 98 46 90 65 56 34 20 22 32 80 4 95 84 22 54 97 24 3 99 50 84 64 21 35 74 7 5 100 92 78 100 59 66 47 41 86 95 84 83 56 4 36 34 33 47 76 66 28 84 70 69 8 91
98 31 25 75 41 28 84 67 84 69 40 82 67 1 69 12 27 64 45 84 81 80 55 40 28 38 49 54 15 90 63 3 26 32 1 56 61 62 82 41 81 20 50 77 12 97 46 47 67 72 99 87 94 93 71 52 9 78 88 1 87 50 22 41 53 43 86 59 31 77 42 31 86 41 59 18 15 91 41 11 20 52 44 23 62 38 2 48 43 28 80 13 29 82 1 79 48 35 23 85
48 55 81 66 34 45 3 79 79 42 3 25 85 42 63 10 34 60 2 54 33 22 31 73 52 41 15 93 1 66 31 59 47 29 77 32 29 6 49 12 78 70 87 70 6 73 72 94 51 28 74 33 100 19 37 80 67 38 77 95 45 62 35 71 35 2 46 91 51 85 88 10 86 83 22 66 19 100 42 45 100 22 17 1 47 14 42 9 12 39 91 26 1 61 52 39 93 75 31 52
86 57 74 97 38 65 31 97 86 94 42 69 47 98 88 26 35 65 15 30 5 100 5 47 8 60 53 26 86 88 70 49 93 51 65 69 40 91 51 45 3 16 8 80 16 67 79 77 38 53 21 16 98 79 1 20 95 98 48 42 46 57 63 71 82 51 8 42 71 43 84 92 54 36 33 80 8 41 26 83 98 65 46 43 26 17 6 67 14 34 63 67 67 21 70 63 73 43 70 38
54 78 87 90 2 27 4 4 11 69 16 42 76 41 34 79 68 23 78 50 45 63 15 46 27 86 97 28 76 43 19 98 22 23 17 4 44 93 88 89 53 69 86 90 68 18 71 35 5 16 3 71 22 99 2 40 61 58 3 33 77 19 44 56 66 6 42 5 38 80 41 21 66 81 10 28 46 98 53 47 80 99 83 84 18 89 78 6 82 19 36 47 44 18 6 59 88 45 63 19
19 73 97 39 1 5 54 70 92 89 58 35 83 3 92 72 34 61 88 3 13 57 49 95 10 24 62 53 84 82 44 7 24 38 89 1 45 68 89 83 81 84 94 3 19 53 2 87 10 98 72 92 45 98 78 45 28 38 22 6 13 50 14 9 95 1 5 62 93 30 89 29 46 95 97 3 6 68 21 91 21 81 96 30 6 23 22 91 15 54 100 19 3 55 42 18 13 94 38 38
44 76 74 71 69 33 16 20 60 49 44 18 50 28 65 64 2 50 87 91 77 75 15 42 94 77 6 22 36 16 20 28 23 98 26 29 25 91 8 48 84 63 22 82 95 80 89 72 58 2 42 9 90 84 42 87 37 40 41 36 39 48 15 16 9 15 43 64 80 46 23 93 65 57 37 10 10 10 89 93 54 4 80 47 83 46 84 88 80 60 69 69 91 31 82 78 70 73 62 43
88 31 33 40 23 85 11 46 94 91 37 77 56 73 79 76 97 95 83 29 28 27 35 21 40 20 87 56 70 36 99 91 12 17 90 40 76 47 39 32 42 74 56 42 30 82 24 42 72 77 99 27 46 78 64 59 73 88 7 13 58 72 22 23 37 23 24 58 4 69 67 50 53 23 85 47 56 45 28 30 22 53 11 39 72 50 31 68 26 100 71 97 38 68 25 13 98 83 82 25
48 62 10 9 49 76 92 68 72 21 78 70 1 7 88 6 77 71 80 28 84 44 94 20 25 76 55 31 46 21 42 52 99 86 65 19 80 3 10 93 12 1 25 29 48 17 61 78 41 51 75 37 63 92 52 29 36 41 69 83 97 70 68 3 17 69 51 7 59 68 70 30 64 99 67 43 22 98 4 72 52 63 64 33 48 4 78 66 37 66 33 18 46 41 42 100 36 80 11 21
62 14 56 41 33 77 71 51 75 67 19 9 27 56 14 27 48 80 20 10 21 25 70 45 44 33 53 85 85 91 8 98 45 86 77 43 52 66 48 80 52 68 73 33 31 57 17 43 36 97 93 26 90 15 32 18 96 98 40 55 92 30 70 44 46 11 35 14 13 56 15 85 38 30 1 17 76 84 6 62 18 98 33 23 88 87 11 85 77 47 56 78 69 39 77 44 5 50 29 50
57 14 3 98 3 30 54 94 16 37 27 95 60 22 85 71 6 40 6 32 77 91 8 48 84 31 24 24 26 23 81 70 73 36 72 95 91 18 85 30 2 84 66 100 62 74 18 58 53 67 96 3 92 48 46 69 4 26 85 60 1 38 35 56 90 34 3 82 56 74 74 47 100 30 28 65 78 28 92 28 88 75 19 43 51 70 73 57 21 70 25 50 96 69 12 28 83 79 89 69
42 90 1 88 52 93 85 72 63 90 50 72 97 90 14 17 83 88 55 43 1 23 20 73 82 90 46 85 1 37 84 89 93 80 75 4 99 59 54 90 73 1 62 29 36 3 71 47 85 57 21 83 40 83 46 88 35 19 47 85 51 76 75 96 36 16 44 83 51 94 38 44 52 60 24 28 82 42 55 87 21 34 11 55 26 30 50 78 72 13 22 71 12 96 49 80 11 87 89 62
89 64 90 23 65 97 31 64 40 66 53 87 11 11 57 97 81 80 61 80 48 68 51 33 46 74 58 92 60 47 18 100 5 15 73 96 1 31 46 81 2 12 37 12 74 12 62 82 55 87 40 38 45 70 18 27 32 88 33 86 69 29 14 11 22 62 75 86 5 77 82 12 37 58 61 94 33 41 88 56 62 31 86 20 15 93 6 79 60 8 37 37 31 41 96 39 90 18 17 93
77 49 3 15 8 83 20 79 100 42 77 98 42 51 36 9 1 40 49 52 37 53 60 20 82 27 22 76 68 60 90 68 21 8 22 46 74 58 51 96 11 52 92 6 32 75 80 13 47 26 73 32 68 98 53 74 71 1 2 1 12 5 22 90 79 22 10 38 69 79 75 80 80 66 57 23 41 36 3 89 36 70 49 15 84 85 58 74 58 69 15 39 35 4 68 22 78 71 37 9
100 4 58 35 64 65 50 91 73 52 54 21 15 50 6 49 52 63 46 50 76 58 28 28 68 12 26 97 6 74 77 28 79 61 87 71 23 67 94 72 73 62 44 71 88 66 95 54 93 9 25 99 74 1 20 41 30 72 26 14 59 52 20 97 94 89 8 35 19 100 46 36 29 86 82 72 66 53 96 25 5 78 43 95 11 36 9 11 49 21 4 59 30 79 82 47 47 95 99 95
74 27 91 26 11 42 91 4 81 24 71 1 63 84 58 23 86 56 87 58 99 80 74 17 12 43 42 92 87 31 41 100 20 87 2 97 96 60 59 7 40 39 32 85 97 59 16 1 46 1 22 23 58 48 84 83 90 98 39 79 2 96 100 5 89 21 73 88 25 79 41 93 68 63 84 72 12 6 91 48 23 51 81 60 47 95 98 80 21 41 21 84 65 63 73 13 68 82 96 81
6 18 82 39 58 73 96 55 11 5 59 76 35 50 17 90 22 58 73 49 13 27 63 82 76 22 61 88 8 68 62 49 49 65 57 66 48 33 18 45 97 15 75 54 45 46 44 92 44 70 61 97 35 99 65 37 72 78 56 83 51 84 80 67 89 99 35 18 74 53 89 12 12 51 80 59 46 13 92 77 6 91 53 57 2 8 33 8 30 85 11 58 91 53 76 40 36 55 94 50
27 68 7 58 30 75 16 17 7 5 48 88 86 98 72 19 71 96 82 90 71 40 13 26 44 36 52 78 61 64 28 71 58 51 28 40 41 77 89 80 84 8 56 77 10 81 57 31 70 24 31 21 45 21 52 19 95 90 27 33 81 45 56 28 94 66 36 53 7 26 39 3 15 46 10 13 99 61 49 44 81 17 62 50 34 31 17 42 41 39 27 37 7 100 74 4 45 49 28 61
62 41 73 33 87 87 9 70 19 16 73 23 81 99 48 48 83 74 46 44 22 83 34 36 82 49 19 63 50 80 56 72 70 72 62 33 48 70 2 75 63 21 51 24 93 87 67 78 100 19 7 63 39 58 8 49 85 22 74 7 99 58 63 16 38 42 6 75 32 45 27 64 90 90 64 22 12 25 4 33 9 75 47 52 34 15 77 53 95 39 20 33 91 78 15 71 72 70 32 65
69 61 29 94 22 19 65 6 86 16 55 46 34 38 2 17 16 61 85 46 55 58 4 80 80 23 34 10 17 57 69 26 94 60 87 60 46 48 56 88 74 61 22 61 27 83 47 56 68 67 13 58 18 38 36 39 55 30 51 89 72 77 38 64 100 61 23 14 78 31 2 81 24 34 62 96 75 15 49 63 26 51 26 91 85 82 23 52 38 37 34 1 83 7 70 40 75 93 90 28
26 59 87 2 13 63 100 26 73 53 44 10 61 38 94 74 79 93 23 47 53 72 34 12 42 19 22 31 36 27 46 54 26 14 20 25 70 97 25 34 80 97 27 1 79 98 2 46 18 45 95 42 79 48 19 62 58 19 55 78 9 82 79 96 11 17 32 68 87 66 18 50 75 92 66 38 40 78 55 87 32 15 31 25 34 37 5 51 81 46 13 7 8 8 3 82 8 29 2 80
21 8 4 58 67 87 55 64 64 20 73 85 49 24 76 38 7 61 19 30 11 7 82 3 74 91 18 36 47 2 77 80 25 31 40 29 56 49 13 57 22 74 62 29 72 54 52 83 66 88 82 5 78 1 42 98 94 63 96 97 56 38 81 48 47 65 87 99 29 22 73 73 97 32 49 93 57 54 2 8 21 50 15 49 55 40 48 98 27 76 36 16 40 57 67 20 34 33 9 47
99 45 20 75 54 62 2 83 49 3 91 35 15 61 48 54 1 79 22 7 6 11 30 67 42 15 18 3 50 44 33 48 9 92 99 24 21 31 64 50 41 63 12 24 22 84 33 3 46 31 51 79 17 19 3 10 24 68 66 93 10 85 8 95 58 77 55 85 19 1 10 39 15 23 11 23 98 17 34 96 19 73 48 21 46 55 11 100 52 40 3 93 94 38 32 38 83 64 37 20
72 19 3 14 13 36 83 47 44 31 54 60 93 83 24 78 65 38 9 59 7 14 60 40 44 73 50 99 70 2 97 100 87 51 2 33 76 7 57 24 16 25 29 22 41 40 39 61 85 41 10 72 96 16 29 90 55 9 9 17 72 8 79 45 16 49 14 67 42 75 29 71 5 2 53 82 44 60 25 12 11 95 35 38 32 14 39 73 2 11 55 62 1 94 29 29 4 11 42 59
28 90 41 34 54 14 9 82 88 74 76 56 9 48 12 89 28 3 8 14 36 73 59 26 77 17 3 52 63 3 26 65 5 8 80 55 82 35 100 88 44 33 50 93 67 36 62 83 50 53 3 79 69 66 32 73 59 24 45 90 1 23 74 87 68 44 30 81 58 66 25 38 26 32 99 1 6 85 76 69 57 85 19 21 17 99 1 47 1 6 36 44 92 31 52 30 33 76 93 19
91 22 61 53 12 43 53 72 79 63 98 1 64 83 5 78 87 52 94 57 47 10 100 13 35 47 98 26 73 10 4 58 23 24 39 77 91 10 10 24 1 34 70 4 24 51 19 69 9 91 26 18 44 8 80 31 58 31 91 61 65 44 21 49 13 57 6 36 98 70 99 77 85 7 26 31 33 100 77 31 50 36 9 86 88 23 87 34 42 43 75 29 92 60 55 35 52 53 33 33
31 95 36 63 24 3 23 53 61 58 3 55 30 90 37 55 47 84 36 74 29 53 30 66 89 10 31 54 48 72 89 24 31 76 14 43 8 19 53 63 85 32 57 81 52 57 36 15 45 4 97 68 83 43 36 33 74 79 26 41 94 42 46 89 75 34 46 66 5 90 69 74 97 10 75 42 100 98 45 59 17 90 51 62 9 71 4 13 36 72 84 62 21 93 57 69 77 16 65 81
69 15 50 53 98 52 66 13 97 18 54 9 85 55 36 57 85 83 82 92 76 63 57 19 60 98 51 91 33 47 41 70 85 93 89 81 66 72 69 53 3 34 44 3 79 38 6 28 42 48 2 94 36 37 57 43 93 86 34 19 3 52 74 43 47 85 57 83 73 82 23 39 30 68 69 91 37 18 11 69 31 14 38 63 89 73 7 14 41 52 68 38 14 16 82 48 24 17 13 67
58 51 74 9 69 95 54 75 11 100 63 85 25 1 61 56 65 13 14 72 33 6 79 34 35 18 98 99 37 98 80 38 9 70 72 34 83 70 99 67 73 58 78 22 38 7 2 22 51 66 34 85 77 31 1 99 19 27 7 11 79 96 50 45 95 62 8 38 22 75 37 9 47 27 47 25 97 40 41 47 5 100 96 17 5 2 78 50 30 35 44 99 83 79 92 45 2 60 74 34
67 88 81 82 91 37 8 89 84 36 22 18 93 20 39 54 56 14 14 93 99 37 14 77 10 22 8 72 36 37 8 23 58 82 26 50 53 67 72 67 97 59 68 70 100 3 62 77 4 32 47 80 77 30 17 53 40 1 95 49 57 89 57 45 19 39 24 65 8 8 62 47 83 76 48 100 17 49 53 100 55 99 78 56 20 29 37 76 55 32 26 14 33 83 1 62 99 91 56 93
9 87 53 73 49 70 37 22 70 14 85 93 37 58 18 90 69 43 54 94 45 23 76 50 81 50 16 73 18 55 8 24 58 36 15 39 35 54 52 25 90 78 76 50 52 75 54 62 53 23 98 65 86 18 43 67 69 100 79 43 8 88 13 47 74 28 12 18 80 14 29 92 61 49 31 61 14 51 70 11 79 75 78 72 46 48 90 12 59 69 73 26 29 73 96 39 46 17 46 97
74 77 32 99 21 91 82 7 1 77 24 9 59 73 44 65 82 99 80 31 90 29 2 87 45 61 97 58 44 89 54 7 88 65 54 36 79 25 59 27 58 43 8 98 5 74 79 41 13 93 82 12 43 76 3 58 83 33 59 56 71 92 59 63 51 6 38 52 8 9 80 74 17 72 1 91 33 60 53 55 98 74 70 73 93 67 4 21 1 52 91 74 93 15 90 5 87 58 71 68
20 68 44 93 27 94 2 65 29 85 82 70 11 97 94 60 78 70 39 70 93 68 53 42 79 91 36 81 88 43 12 3 51 88 56 72 38 23 55 15 50 100 93 42 38 84 52 5 75 36 50 23 11 35 76 87 57 61 56 73 51 32 85 82 85 81 29 37 51 49 51 47 91 69 75 53 9 55 98 10 1 55 75 95 10 9 24 58 31 9 91 1 81 44 79 78 69 73 57 2
82 26 69 33 10 86 98 83 42 84 34 31 14 12 78 10 49 37 14 88 86 5 88 9 48 20 79 43 89 36 34 61 43 42 37 65 44 12 67 1 3 93 57 56 69 72 33 40 96 65 30 73 11 77 82 16 65 26 12 24 58 4 39 35 72 33 53 65 89 67 15 67 75 12 4 33 18 17 36 66 17 41 89 69 43 46 49 15 3 69 72 17 8 61 2 84 41 94 11 46
71 86 70 50 5 25 74 68 77 53 3 46 94 57 91 7 91 57 79 12 19 26 9 87 78 93 45 69 74 72 70 19 42 53 43 76 52 1 48 54 24 89 11 52 8 46 53 26 45 26 13 50 9 75 37 87 100 16 34 24 51 68 70 70 28 70 23 84 83 13 4 27 22 65 87 25 94 87 68 6 42 2 25 60 10 92 58 74 65 39 24 46 82 60 40 47 47 58 36 8
15 60 37 52 40 76 49 55 55 42 14 80 54 66 91 48 61 5 47 17 72 88 32 33 70 29 93 75 37 78 95 16 7 18 95 70 85 36 55 61 66 54 68 89 7 45 49 40 70 95 39 19 81 53 82 46 18 47 40 45 7 90 99 59 25 91 1 50 80 15 36 58 6 78 64 80 19 88 18 96 50 39 28 91 1 30 71 22 96 97 98 31 75 82 23 89 88 22 3 87
94 36 38 12 38 2 39 77 78 4 60 96 65 80 97 48 51 66 19 99 82 30 71 66 59 17 94 62 55 12 93 30 25 72 62 31 68 38 53 32 64 93 98 9 86 3 9 99 40 93 98 13 6 57 50 1 95 80 18 66 94 99 35 43 93 32 7 90 47 6 7 84 14 5 36 50 66 59 23 96 93 2 92 42 97 29 73 97 94 89 12 66 90 13 26 90 13 99 86 45
25 73 46 53 99 55 60 52 69 67 49 10 64 59 20 84 72 18 29 99 44 1 21 20 35 95 47 21 7 25 10 35 59 16 13 10 12 94 6 84 15 18 91 86 34 2 55 57 35 66 89 96 39 80 83 63 39 7 43 27 61 57 56 23 52 75 26 26 51 45 60 59 57 37 6 51 43 81 97 3 97 16 93 82 62 86 65 27 2 55 58 17 22 20 28 56 14 7 100 14
5 18 29 80 18 47 68 69 72 91 47 19 70 11 27 80 64 5 55 71 31 32 86 39 75 31 99 74 58 58 39 7 76 83 91 69 39 79 17 63 48 15 36 90 46 25 53 21 79 90 93 32 49 87 32 96 32 90 13 37 92 61 17 14 15 56 50 74 4 36 73 68 58 47 15 47 54 65 44 81 83 43 7 79 40 43 15 42 82 52 60 79 27 52 57 11 10 25 49 85
82 45 34 94 32 31 32 48 12 92 72 23 84 77 44 26 18 30 79 95 27 12 73 8 4 76 61 3 90 3 30 6 91 34 54 83 10 7 54 24 20 71 27 93 62 80 32 50 30 36 27 14 42 56 6 12 18 37 24 47 36 23 14 73 84 94 7 98 18 15 30 50 90 8 59 50 90 51 51 97 46 98 9 30 76 3 64 67 14 57 67 60 65 40 21 88 88 80 12 88
40 80 67 18 2 73 77 30 61 44 99 79 14 76 59 12 98 66 71 44 71 79 6 39 18 75 10 74 36 51 70 68 37 36 54 3 63 1 37 95 93 2 68 15 26 86 81 35 8 72 65 13 71 52 68 80 21 11 38 5 38 92 6 62 40 48 86 44 92 66 39 58 91 21 92 52 31 2 100 83 35 67 47 57 39 38 52 33 62 72 50 24 86 9 73 40 14 52 7 87
28 66 49 53 70 5 90 94 53 62 22 86 77 100 53 86 31 72 73 99 32 87 36 31 66 59 52 52 18 84 70 14 39 55 22 65 68 79 18 64 14 12 10 70 39 14 36 98 76 15 43 21 92 7 37 79 32 38 52 32 56 96 6 55 99 98 97 81 70 13 89 46 25 67 69 42 58 51 89 17 49 100 6 45 20 12 66 85 1 53 48 6 77 21 86 7 2 87 41 80
86 16 79 69 76 34 74 56 61 81 62 84 87 35 18 11 24 15 64 100 10 57 53 86 100 28 11 39 65 81 85 22 52 47 70 94 88 5 20 41 34 83 6 81 34 53 61 21 3 64 20 89 10 90 34 96 17 35 85 21 27 18 61 3 55 92 95 91 66 49 17 29 8 19 48 4 17 50 53 18 30 37 69 12 45 57 32 92 2 33 32 58 89 66 46 96 58 39 27 18
46 44 39 12 93 80 44 56 5 62 48 55 91 64 3 50 8 50 26 80 26 79 7 43 35 65 50 67 17 4 40 94 96 54 37 79 69 48 3 66 44 10 78 87 15 69 7 23 68 91 88 87 88 55 59 72 6 3 16 73 88 85 72 95 84 26 19 17 36 23 55 65 54 22 94 76 89 39 16 95 82 76 87 9 23 50 25 40 21 20 76 78 97 100 22 38 88 8 41 63
75 65 53 81 46 33 33 73 13 80 91 1 21 69 28 48 32 92 72 54 82 3 81 37 78 3 22 23 29 87 76 66 74 35 14 12 79 92 96 32 91 75 57 87 51 93 33 99 13 52 84 12 30 27 92 4 97 78 54 44 81 95 70 14 4 21 56 90 1 21 33 38 29 56 85 96 47 27 46 82 52 100 96 78 55 75 39 70 1 44 63 56 91 53 44 97 67 90 33 81
86 27 40 32 65 72 37 43 98 16 10 6 28 40 18 73 9 66 98 20 42 19 52 87 17 42 59 94 30 88 71 20 63 35 49 42 50 20 7 72 43 47 69 100 53 65 85 88 32 57 46 79 25 83 11 3 30 96 12 34 63 47 24 97 87 76 41 58 56 28 94 24 1 17 2 68 76 2 27 96 33 27 95 21 13 92 16 15 31 7 92 76 58 100 45 69 6 30 87 73
45 70 71 78 55 60 48 82 99 86 73 22 96 44 25 36 72 50 60 86 14 61 8 41 39 7 1 51 18 68 90 50 8 11 21 52 100 61 5 97 48 72 72 66 41 94 34 15 24 96 8 73 19 26 73 15 68 93 16 51 95 58 43 62 48 47 11 75 44 22 72 96 96 50 82 42 59 83 2 40 55 85 6 32 92 12 25 50 52 12 12 53 76 50 5 14 37 2 64 13
73 86 1 77 13 93 20 73 36 24 100 68 78 52 11 26 44 85 7 82 96 44 80 46 20 12 71 55 4 84 56 70 49 37 68 5 100 46 11 20 92 47 88 55 83 20 35 60 7 89 97 4 23 27 75 25 20 77 60 2 33 76 59 57 42 96 64 44 4 80 88 78 45 61 7 64 25 44 30 96 24 23 10 53 47 30 26 84 41 86 30 21 31 35 45 98 98 91 92 81
69 43 70 76 76 33 32 32 30 85 32 1 52 29 82 60 4 24 47 31 17 59 78 62 13 99 78 95 92 56 26 46 24 10 35 96 1 25 50 65 70 65 95 51 1 30 77 13 30 97 81 77 46 17 7 2 95 78 5 10 21 60 89 40 87 87 63 34 92 9 49 86 67 90 40 20 60 13 15 30 73 53 62 35 34 47 6 60 76 42 15 86 66 76 25 37 3 76 56 35
73 71 100 23 31 42 89 64 19 17 28 71 97 57 45 37 60 54 68 62 60 68 79 14 34 50 73 29 31 42 19 93 19 100 12 4 2 68 57 7 17 37 29 28 31 100 68 74 3 18 89 37 19 84 56 59 29 50 15 13 18 59 6 62 99 28 8 84 11 62 87 4 76 49 90 98 76 62 43 37 22 54 83 95 60 72 85 1 4 68 73 54 68 74 9 23 48 74 6 12
99 75 38 52 12 45 68 21 93 93 47 57 6 7 91 100 60 18 57 24 31 70 35 31 19 87 73 19 48 43 31 39 48 18 10 51 14 81 48 91 68 71 22 93 98 35 48 12 10 27 10 100 22 94 74 72 56 99 91 69 73 65 20 8 21 48 56 19 41 65 91 64 41 50 76 43 3 95 96 21 8 92 37 98 68 63 72 74 18 9 44 98 39 95 46 100 59 63 10 32
95 8 39 58 49 5 13 57 30 53 84 65 80 70 43 53 16 53 82 27 33 27 31 78 19 13 52 66 31 71 99 32 78 3 95 87 54 67 86 28 33 82 75 80 100 58 86 67 15 51 28 5 3 92 28 71 98 51 22 40 40 5 28 59 100 33 90 24 35 67 42 29 21 20 90 46 60 13 16 74 8 75 13 14 57 71 95 1 5 61 96 49 29 91 44 41 75 21 6 63
84 39 81 33 10 57 28 15 13 87 30 52 65 59 92 39 32 93 16 92 37 81 21 18 23 71 81 3 10 3 3 72 92 69 82 86 41 39 11 60 20 12 92 7 55 11 50 85 23 85 9 64 6 16 42 39 30 59 13 49 16 24 84 35 89 23 59 14 39 62 79 55 17 73 76 20 15 60 11 14 13 42 31 26 36 37 51 98 67 15 10 51 6 5 53 18 75 14 83 12
90 59 19 73 85 27 46 100 29 78 64 64 34 77 67 12 5 29 30 71 83 95 25 91 37 92 26 26 93 46 59 16 97 59 44 46 14 18 11 52 28 84 29 57 21 82 64 22 13 8 87 41 47 55 96 39 39 99 11 54 99 64 81 8 63 73 68 22 20 31 98 31 35 98 99 70 52 48 28 82 48 20 94 1 26 70 16 32 5 92 31 47 61 61 100 91 25 77 5 16
56 57 14 60 86 55 28 10 11 92 43 90 72 37 28 4 23 15 73 53 23 66 94 97 94 44 46 74 9 36 80 90 86 99 28 12 96 69 11 92 23 50 43 46 96 26 99 14 9 35 12 31 3 62 53 16 28 53 17 21 96 35 84 96 77 95 11 48 23 60 5 36 67 86 98 31 29 70 67 82 44 67 2 65 51 82 55 11 30 37 92 97 39 90 54 50 13 41 46 49
22 65 10 48 8 59 63 1 47 48 56 39 98 48 93 18 87 92 17 31 24 63 13 35 65 61 22 28 37 88 90 11 88 48 32 78 38 54 37 28 97 27 25 75 98 84 53 100 3 23 61 9 22 67 42 86 66 62 100 60 28 6 52 51 1 49 22 21 62 38 54 17 76 42 79 2 80 91 16 17 26 77 21 47 53 30 11 10 47 85 5 84 41 88 94 57 99 51 20 78
39 75 17 40 12 74 55 11 45 18 79 15 18 69 99 80 56 94 86 85 25 35 82 65 29 17 50 85 61 77 95 97 97 53 46 11 33 85 18 100 12 29 72 92 25 68 76 40 16 90 88 43 52 95 44 48 67 71 100 22 74 53 86 44 93 96 10 25 93 41 35 79 65 6 19 48 91 52 41 58 11 35 80 80 79 87 99 93 64 25 34 22 48 56 93 7 43 2 74 20
100 54 14 16 56 83 19 49 33 69 65 51 18 2 12 17 27 88 11 82 43 29 22 80 99 65 11 97 61 1 96 58 4 86 71 50 93 1 49 92 65 38 37 26 60 51 5 34 3 70 80 42 89 33 29 85 76 3 77 46 97 14 100 56 33 37 3 23 92 27 51 21 63 62 56 59 38 43 13 16 6 82 8 90 96 28 24 26 4 81 52 19 64 30 9 59 6 54 33 1
62 67 10 30 14 11 98 27 15 35 2 22 69 79 42 97 33 71 17 30 66 52 93 84 88 63 37 32 43 19 10 37 30 80 64 37 91 1 8 88 76 89 76 99 15 64 26 96 41 61 5 85 45 36 50 24 30 90 95 58 26 86 20 83 65 19 60 91 16 35 72 39 34 11 25 34 91 15 58 24 10 28 21 66 84 96 25 44 62 20 26 29 41 100 25 20 34 92 80 42
24 56 76 20 95 93 77 86 15 65 57 70 46 96 50 5 82 62 54 5 95 26 49 25 26 35 20 100 51 28 3 25 19 18 77 61 46 97 58 46 58 18 3 73 1 4 5 8 95 46 75 82 14 9 39 57 27 21 33 6 72 72 85 61 51 71 14 45 71 85 4 9 98 22 88 86 54 8 92 84 81 82 12 61 69 6 78 3 29 8 17 36 93 91 22 89 64 64 58 52
21 59 84 77 63 32 79 80 73 86 70 79 70 50 34 51 23 23 79 86 95 83 15 41 72 97 83 85 53 74 20 64 47 72 98 30 14 7 38 88 72 36 1 25 82 43 79 32 27 27 39 33 20 79 17 48 92 86 76 37 82 63 63 53 47 19 30 21 4 97 21 63 23 98 67 98 73 46 53 61 58 27 53 61 13 80 15 73 48 29 91 25 93 91 19 43 94 22 38 81
64 16 88 47 32 26 1 8 47 94 45 98 36 2 73 45 28 70 9 91 17 44 89 63 29 61 59 11 45 59 32 76 42 36 79 16 64 89 92 27 65 85 51 29 89 30 46 48 60 60 5 22 95 45 10 99 86 73 7 78 16 60 26 28 28 86 66 46 15 7 44 94 23 12 31 5 26 55 70 60 11 44 67 6 60 26 6 81 94 82 32 33 63 14 83 5 98 60 19 84
94 100 82 62 47 49 40 3 64 22 57 12 23 35 48 27 4 38 24 43 25 26 79 82 29 66 40 24 92 31 38 59 23 39 38 76 12 67 36 19 44 18 31 58 100 33 10 52 82 90 67 30 17 49 75 34 93 65 79 68 26 74 85 55 32 59 67 57 3 37 77 43 97 16 20 66 12 55 24 96 31 84 32 36 54 97 21 71 9 79 85 74 30 38 46 28 44 78 59 37
4 4 98 32 61 95 68 48 33 8 80 90 13 44 99 78 15 32 73 96 64 1 39 23 79 29 47 87 18 4 17 91 63 46 18 98 13 70 29 27 89 65 17 69 84 20 98 90 32 31 1 80 72 30 82 17 88 81 14 3 15 87 35 51 36 35 16 28 65 72 55 91 55 13 99 35 64 29 12 27 37 86 21 48 59 28 41 6 5 99 10 84 90 84 9 84 84 64 65 30
7 10 45 36 77 34 62 34 88 52 96 84 38 70 35 69 43 82 16 82 13 2 83 45 86 7 20 22 71 49 83 15 99 53 74 51 1 59 47 27 71 23 73 99 70 62 33 15 72 47 21 52 83 100 43 70 14 70 25 100 82 87 70 45 2 48 7 93 100 67 70 88 70 85 1 20 35 42 86 8 61 90 87 82 67 43 54 82 19 48 79 32 99 33 25 92 67 86 26 18
80 51 100 13 65 89 44 21 37 41 14 87 23 69 72 16 28 53 72 62 68 55 21 59 65 66 61 47 27 69 50 92 1 2 50 74 71 52 91 5 70 63 82 56 90 63 21 7 47 18 88 20 86 50 29 58 42 94 34 2 78 96 24 40 23 40 21 48 21 32 42 39 41 28 54 62 85 60 2 87 68 29 22 16 87 58 18 99 91 90 71 1 27 33 22 97 97 92 68 93
36 59 92 72 63 42 97 48 18 70 72 93 40 100 85 11 19 22 79 64 81 14 68 68 38 50 35 8 10 72 36 77 43 31 81 74 55 78 42 12 60 42 63 12 12 76 18 21 1 67 22 76 92 57 57 93 75 89 99 49 10 50 27 38 40 87 66 92 32 42 22 65 29 12 82 23 11 72 1 79 78 55 98 87 11 64 40 81 38 7 24 59 8 79 75 67 79 38 49 16
46 25 34 97 50 67 85 29 32 27 86 21 64 84 1 90 35 62 73 38 70 28 62 85 6 57 27 98 98 26 48 22 6 68 37 71 69 15 1 28 43 5 96 86 31 90 34 85 34 3 14 56 30 59 57 89 54 87 37 15 75 67 26 15 98 55 77 60 20 87 99 59 43 5 28 57 16 27 37 4 70 75 40 15 55 93 24 76 73 25 8 93 14 67 98 24 58 92 30 90
25 37 34 85 65 83 68 74 72 48 80 62 45 96 56 95 98 23 71 15 63 73 98 83 22 88 36 26 85 50 3 31 93 63 69 44 6 43 69 40 55 1 31 85 27 15 75 33 38 46 34 59 78 41 87 92 83 65 33 83 88 95 21 88 38 2 44 83 48 47 27 85 100 87 59 61 63 57 36 76 77 20 44 95 84 30 72 47 51 75 31 6 39 33 24 96 16 4 62 54
85 68 8 93 35 94 79 33 9 8 1 3 86 40 76 89 26 2 21 56 13 9 16 99 94 75 57 6 70 10 82 94 65 42 51 29 98 49 55 37 6 73 81 50 66 61 29 88 95 97 74 24 73 36 14 31 45 67 56 60 7 62 69 31 24 8 28 43 78 91 66 100 100 60 59 49 19 99 89 31 92 75 83 5 96 70 46 45 67 30 12 3 70 41 20 5 14 3 92 88
70 55 19 34 47 22 73 77 13 7 86 58 91 91 69 9 13 81 78 12 36 63 70 3 75 84 54 100 30 68 7 43 91 17 70 70 58 75 40 25 39 34 63 96 27 97 22 14 58 84 31 44 59 26 16 78 12 32 82 98 6 45 19 10 93 68 57 52 2 63 67 40 61 26 57 81 65 27 38 73 13 4 52 45 56 26 100 45 74 55 43 26 33 92 79 22 75 42 77 92
95 92 62 57 88 12 97 84 91 55 19 50 57 66 30 31 36 50 58 77 86 7 80 56 16 78 5 69 62 59 77 3 37 35 63 32 56 40 82 7 86 40 57 71 69 53 87 49 100 80 16 14 6 6 9 15 67 14 93 51 35 49 44 22 18 85 88 65 24 78 96 66 71 7 16 42 82 40 10 26 85 26 20 15 27 3 71 36 94 9 66 58 25 45 21 4 73 3 51 6
11 64 47 22 48 69 35 77 72 97 6 6 37 28 49 26 5 63 28 59 3 99 69 95 61 92 97 90 6 62 18 46 32 48 18 33 10 67 2 46 28 98 68 84 59 59 49 31 37 32 36 60 21 99 4 67 70 15 74 56 50 55 30 80 99 51 26 75 24 3 24 14 35 88 1 77 50 70 4 37 57 23 97 10 65 63 89 39 25 47 70 96 32 16 19 58 29 13 93 52
57 90 77 58 58 57 85 19 55 30 87 11 17 72 28 33 29 7 67 91 25 50 12 58 60 49 26 7 8 80 8 10 68 95 12 8 42 95 49 81 76 79 8 10 8 93 8 76 74 74 48 64 43 89 75 43 83 45 39 71 49 46 29 80 34 17 24 12 50 20 61 49 51 75 41 84 6 3 9 63 23 86 37 22 90 94 45 41 31 15 64 36 66 38 99 19 43 62 98 88
10 100 73 83 34 25 83 65 22 56 80 13 26 16 23 30 28 12 13 19 53 16 56 97 38 93 71 55 54 9 97 34 13 36 94 13 69 83 72 1 50 72 19 35 26 76 82 7 58 50 85 10 6 74 32 92 9 72 40 97 17 58 77 20 16 80 56 1 11 68 84 73 47 35 22 51 28 66 35 95 35 68 23 72 71 21 9 17 53 88 61 75 90 36 43 69 59 41 57 24
94 37 88 47 46 59 82 72 67 81 96 77 91 48 22 86 100 16 53 95 20 27 35 27 71 29 96 16 2 98 91 58 99 55 58 24 75 7 18 8 70 35 7 83 45 15 92 87 78 41 3 55 70 100 47 70 26 15 69 31 72 45 46 47 88 19 87 61 99 15 9 82 74 24 61 38 96 50 69 17 46 73 10 80 30 30 33 78 27 94 96 84 7 50 35 26 50 3 22 72
69 84 28 61 8 21 8 96 62 46 29 30 1 75 4 61 92 42 36 49 14 53 84 29 15 8 17 11 68 26 73 8 99 12 9 100 25 23 61 97 53 95 50 10 59 86 72 35 52 97 39 57 99 47 63 47 70 13 71 29 42 19 12 83 1 4 63 56 53 84 4 81 1 66 37 51 23 41 39 47 27 67 32 15 44 33 34 84 67 78 42 86 40 63 3 18 22 60 79 38
76 17 44 70 14 76 92 84 59 57 20 11 81 97 68 36 26 53 37 53 19 92 97 78 87 77 7 39 9 85 29 73 25 3 25 61 7 23 83 14 77 87 62 77 87 62 74 72 96 13 76 27 15 67 10 100 82 95 77 38 53 40 12 73 97 35 55 76 23 57 27 98 52 30 88 40 6 82 12 75 77 20 59 67 98 85 52 41 31 63 86 100 56 75 87 92 98 93 43 15
25 4 19 40 98 52 9 58 59 89 22 11 54 84 42 21 67 82 9 34 55 21 41 43 3 52 22 10 71 85 74 30 95 81 46 69 93 97 58 97 50 30 67 95 78 75 77 89 56 13 96 23 44 21 91 37 23 6 35 44 76 47 9 23 73 3 84 71 70 77 55 54 87 33 68 36 56 48 71 92 58 34 31 52 99 65 81 94 65 1 1 52 54 66 68 69 41 1 83 71
25 75 15 72 60 74 59 55 60 97 67 97 63 64 2 29 21 88 22 85 67 24 24 44 17 22 45 42 83 78 40 57 66 24 73 14 89 30 76 34 22 66 48 74 2 28 53 70 79 1 23 5 44 75 14 20 99 27 54 88 55 2 90 57 60 39 85 36 67 26 100 87 98 66 23 58 69 98 77 59 44 100 59 21 25 18 29 64 35 51 92 60 55 79 22 39 79 14 17 40
